111 241 1
112 211 3
112 212 3
112 241 3
113 213 1
114 251 4
114 252 4
114 253 4
114 259 4
115 214 1
119 219 2
119 291 2
121 279 1
122 272 1
123 271 1
129 259 2
129 279 2
131 111 1
132 112 2
132 119 2
133 116 2
133 119 2
134 115 2
134 119 2
135 119 2
135 139 2
136 119 1
137 132 1
138 134 1
139 131 3
139 133 3
139 139 3
141 191 1
151 161 7
151 171 7
151 172 7
151 173 7
151 174 7
151 175 7
151 179 7
152 161 2
152 181 2
159 161 2
159 181 2
161 182 1
162 181 2
162 182 2
163 181 1
169 811 2
169 831 2
171 219 2
171 291 2
211 741 2
211 742 2
212 751 2
212 752 2
213 254 2
213 751 2
219 751 2
219 752 2
221 711 2
221 721 2
222 721 1
223 722 1
229 711 7
229 723 7
229 724 7
229 761 7
229 783 7
229 831 7
229 8734 7
231 751 4
231 762 4
231 781 4
231 8748 4
239 8731 1
311 273 4
311 912 4
311 913 4
311 919 4
312 273 4
312 912 4
312 913 4
312 919 4
321 921 2
321 9512 2
331 971 1
339 971 1
411 2411 1
412 2411 1
511 811 3
511 831 3
511 851 3
611 1041 1
612 1021 1
613 1061 1
614 1031 2
614 1044 2
615 1061 1
616 1094 2
616 1099 2
617 1011 2
617 1479 2
619 1061 3
619 1094 3
619 1099 3
621 1499 1
622 1499 1
623 1499 1
624 1474 1
625 1479 2
625 2899 2
629 1411 6
629 1459 6
629 1474 6
629 1475 6
629 1479 6
629 1499 6
631 1221 3
631 1222 3
631 1231 3
632 1221 2
632 1222 2
633 1221 1
711 1311 2
711 1321 2
712 1311 1
811 1411 2
811 1423 2
812 1411 2
812 1422 2
813 1411 2
813 1429 2
814 1411 3
814 1429 3
814 1499 3
815 1459 1
821 1442 2
821 1446 2
911 1381 1
919 1389 1
921 1081 2
921 1481 2
929 1081 3
929 1241 3
929 1481 3
1011 2011 3
1011 2013 3
1011 2077 3
1012 2015 1
1021 2077 3
1021 2091 3
1021 2092 3
1031 2032 6
1031 2033 6
1031 2034 6
1031 2035 6
1031 2086 6
1031 2099 6
1032 2037 1
1041 2026 1
1049 2021 5
1049 2022 5
1049 2023 5
1049 2024 5
1049 2026 5
1051 2041 2
1051 2045 2
1052 2041 3
1052 2043 3
1052 2045 3
1053 2047 2
1053 2048 2
1061 2074 3
1061 2075 3
1061 2076 3
1071 2052 1
1072 2041 5
1072 2045 5
1072 2051 5
1072 2052 5
1072 2053 5
1081 2061 4
1081 2062 4
1081 2063 4
1081 2099 4
1082 2067 1
1083 2064 2
1083 2066 2
1091 2095 2
1091 2099 2
1092 2098 1
1093 2052 2
1093 2096 2
1094 2083 1
1099 2013 14
1099 2015 14
1099 2023 14
1099 2032 14
1099 2034 14
1099 2035 14
1099 2038 14
1099 2041 14
1099 2044 14
1099 2046 14
1099 2068 14
1099 2079 14
1099 2087 14
1099 2099 14
1111 2086 2
1111 2087 2
1121 2084 3
1121 2085 3
1121 2869 3
1131 2082 1
1141 2084 1
1211 2141 1
1221 2111 3
1221 2121 3
1221 2131 3
1511 3011 1
1521 3052 1
1599 2672 5
1599 3011 5
1599 3053 5
1599 3061 5
1599 3069 5
1611 3086 1
1621 3084 2
1621 3089 2
1631 3081 4
1631 3082 4
1631 3083 4
1631 3089 4
1691 2673 1
1699 3052 6
1699 3082 6
1699 3083 6
1699 3085 6
1699 3088 6
1699 3089 6
1711 3111 1
1712 3021 5
1712 3142 5
1712 3143 5
1712 3144 5
1712 3149 5
1713 3161 3
1713 3171 3
1713 3172 3
1719 3131 3
1719 3172 3
1719 3199 3
1811 2281 6
1811 2282 6
1811 2296 6
1811 2823 6
1811 2824 6
1811 3229 6
1821 2231 3
1821 2281 3
1821 2282 3
1829 2211 7
1829 2221 7
1829 2261 7
1829 2262 7
1829 2269 7
1829 2281 7
1829 2282 7
1831 2257 2
1831 2258 2
1911 2297 2
1911 2299 2
1921 2273 1
1931 2394 1
1991 2241 3
1991 2258 3
1991 2397 3
1992 2231 10
1992 2253 10
1992 2254 10
1992 2257 10
1992 2258 10
1992 2261 10
1992 2262 10
1992 2269 10
1992 2295 10
1992 2396 10
1993 2211 6
1993 2221 6
1993 2258 6
1993 2391 6
1993 2392 6
1993 2591 6
1994 3842 1
1995 2296 1
1999 2259 9
1999 2284 9
1999 2298 9
1999 2299 9
1999 2392 9
1999 2393 9
1999 2395 9
1999 2396 9
1999 2399 9
2431 2311 4
2431 2329 4
2431 2385 4
2431 2386 4
2432 2311 2
2432 2329 2
2433 2325 2
2433 2329 2
2434 2253 5
2434 2254 5
2434 2321 5
2434 2322 5
2434 2326 5
2435 2311 7
2435 2321 7
2435 2322 7
2435 2323 7
2435 2325 7
2435 2326 7
2435 2329 7
2441 2337 4
2441 2339 4
2441 2385 4
2441 2386 4
2442 2253 3
2442 2337 3
2442 2339 3
2443 2253 2
2443 2335 2
2444 2253 2
2444 2331 2
2445 2253 7
2445 2331 7
2445 2335 7
2445 2337 7
2445 2339 7
2445 2341 7
2445 2395 7
2451 2253 6
2451 2254 6
2451 2341 6
2451 2361 6
2451 2369 6
2451 2385 6
2491 2253 3
2491 2329 3
2491 2369 3
2492 2311 6
2492 2326 6
2492 2337 6
2492 2339 6
2492 2389 6
2492 3842 6
2493 2259 5
2493 2381 5
2493 3089 5
2493 3151 5
2493 3842 5
2494 2251 2
2494 2252 2
2495 2371 1
2496 2342 1
2499 2253 13
2499 2254 13
2499 2322 13
2499 2323 13
2499 2329 13
2499 2339 13
2499 2341 13
2499 2353 13
2499 2384 13
2499 2385 13
2499 2387 13
2499 2389 13
2499 2396 13
2511 2429 1
2512 2421 4
2512 2426 4
2512 2429 4
2512 2441 4
2521 2435 1
2522 2436 1
2541 2452 1
2542 2434 2
2542 2541 2
2543 2451 1
2549 2426 5
2549 2431 5
2549 2439 5
2549 2499 5
2549 2541 5
2561 2441 3
2561 2448 3
2561 2449 3
2581 3995 1
2591 2491 1
2592 2493 1
2593 2493 1
2599 2449 2
2599 2499 2
2611 2511 3
2611 2517 3
2611 5712 3
2612 2512 2
2612 2515 2
2619 2514 2
2619 2519 2
2641 2522 2
2641 2531 2
2649 2521 2
2649 2522 2
2691 2515 1
2692 2531 5
2692 2541 5
2692 2542 5
2692 2599 5
2692 3821 5
2699 2426 3
2699 2499 3
2699 2591 3
2711 2611 1
2712 2621 1
2713 2621 2
2713 2631 2
2714 2493 1
2719 2621 1
2721 2621 2
2721 2952 2
2731 2631 5
2731 2652 5
2731 2655 5
2731 2656 5
2731 2657 5
2732 2653 1
2733 2621 3
2733 2673 3
2733 2674 3
2791 2671 4
2791 2672 4
2791 2679 4
2791 3861 4
2792 2621 5
2792 2675 5
2792 2677 5
2792 2678 5
2792 2679 5
2793 2621 2
2793 2676 2
2799 2621 6
2799 2655 6
2799 2656 6
2799 2675 6
2799 2679 6
2799 3497 6
2811 2752 5
2811 2754 5
2811 2759 5
2811 2761 5
2811 2782 5
2819 2732 6
2819 2752 6
2819 2754 6
2819 2759 6
2819 2771 6
2819 2782 6
2821 2782 5
2821 2789 5
2821 2791 5
2821 2796 5
2821 7384 5
2831 2731 2
2831 2741 2
2839 2711 4
2839 2721 4
2839 2731 4
2839 2741 4
2841 2711 2
2841 2721 2
2849 2731 2
2849 2741 2
2911 3313 1
2912 3324 2
2912 3325 2
2919 3312 3
2919 3316 3
2919 3399 3
2941 3321 2
2941 3322 2
2951 3334 1
2959 3331 2
2959 3339 2
2961 3353 7
2961 3354 7
2961 3355 7
2961 3357 7
2961 3365 7
2961 3399 7
2961 3463 7
2971 3351 4
2971 3357 4
2971 3366 4
2971 3399 4
2999 3341 9
2999 3356 9
2999 3357 9
2999 3363 9
2999 3364 9
2999 3369 9
2999 3399 9
2999 3463 9
2999 3497 9
3011 3443 1
3021 3443 1
3022 3443 1
3023 3448 1
3029 3441 1
3031 3231 2
3031 3442 2
3032 3448 1
3039 2542 6
3039 3442 6
3039 3444 6
3039 3446 6
3039 3448 6
3039 3449 6
3041 3471 2
3041 3479 2
3042 3411 5
3042 3412 5
3042 3444 5
3042 3466 5
3042 3499 5
3049 3444 5
3049 3449 5
3049 3452 5
3049 3469 5
3049 3499 5
3051 3495 1
3052 3315 3
3052 3316 3
3052 3496 3
3053 3429 3
3053 3451 3
3053 3452 3
3059 3315 5
3059 3356 5
3059 3399 5
3059 3496 5
3059 3548 5
3061 3429 2
3061 3499 2
3062 3423 3
3062 3543 3
3062 3544 3
3063 3423 5
3063 3425 5
3063 3524 5
3063 3545 5
3063 3999 5
3069 3421 7
3069 3423 7
3069 3425 7
3069 3429 7
3069 3544 7
3069 3545 7
3069 3548 7
3071 3433 4
3071 3564 4
3071 3585 4
3071 3634 4
3081 3519 3
3081 3599 3
3081 3714 3
3091 3431 2
3091 3432 2
3092 3491 3
3092 3492 3
3092 3494 3
3099 3053 20
3099 3291 20
3099 3398 20
3099 3429 20
3099 3446 20
3099 3449 20
3099 3462 20
3099 3483 20
3099 3484 20
3099 3489 20
3099 3492 20
3099 3493 20
3099 3494 20
3099 3498 20
3099 3499 20
3099 3599 20
3099 3648 20
3099 3829 20
3099 3995 20
3099 3999 20
3111 3523 2
3111 3524 2
3121 3585 1
3191 3561 3
3191 3563 3
3191 3564 3
3192 3531 7
3192 3532 7
3192 3533 7
3192 3534 7
3192 3535 7
3192 3536 7
3192 3537 7
3193 3553 1
3194 3511 5
3194 3566 5
3194 3568 5
3194 3593 5
3194 3594 5
3199 3519 23
3199 3524 23
3199 3537 23
3199 3541 23
3199 3542 23
3199 3545 23
3199 3546 23
3199 3547 23
3199 3549 23
3199 3552 23
3199 3554 23
3199 3555 23
3199 3556 23
3199 3559 23
3199 3562 23
3199 3564 23
3199 3565 23
3199 3567 23
3199 3569 23
3199 3582 23
3199 3586 23
3199 3589 23
3199 3599 23
3211 3594 7
3211 3721 7
3211 3724 7
3211 3728 7
3211 3761 7
3211 3764 7
3211 3769 7
3231 3711 1
3241 3713 1
3242 3715 1
3243 3716 3
3243 3792 3
3243 3799 3
3244 2451 1
3251 3519 4
3251 3592 4
3251 3694 4
3251 3714 4
3252 3647 3
3252 3694 3
3252 3714 3
3253 3465 2
3253 3714 2
3254 3493 2
3254 3714 2
3255 3714 1
3256 3089 2
3256 3714 2
3257 2396 3
3257 2399 3
3257 2531 3
3259 3429 3
3259 3599 3
3259 3714 3
3261 3462 3
3261 3519 3
3261 3743 3
3271 3731 1
3281 3732 1
3299 3751 3
3299 3795 3
3299 3799 3
3311 3634 3
3311 3635 3
3311 3639 3
3321 3585 5
3321 3631 5
3321 3632 5
3321 3633 5
3321 3639 5
3331 3645 3
3331 3646 3
3331 3648 3
3332 3229 3
3332 3645 3
3332 3999 3
3333 3541 1
3341 3651 1
3351 3661 1
3352 3661 11
3352 3663 11
3352 3671 11
3352 3672 11
3352 3674 11
3352 3675 11
3352 3676 11
3352 3677 11
3352 3678 11
3352 3679 11
3352 3699 11
3359 3625 7
3359 3651 7
3359 3661 7
3359 3663 7
3359 3669 7
3359 3812 7
3359 7629 7
3361 3571 4
3361 3572 4
3361 3575 4
3361 3577 4
3362 3578 3
3362 3579 3
3362 3596 3
3369 3578 6
3369 3579 6
3369 3581 6
3369 3596 6
3369 3861 6
3369 3999 6
3371 3612 2
3371 3679 2
3372 3613 2
3372 3629 2
3379 3511 8
3379 3548 8
3379 3621 8
3379 3625 8
3379 3629 8
3379 3644 8
3379 3699 8
3379 7694 8
3381 3357 1
3391 3648 4
3391 3691 4
3391 3692 4
3391 3694 4
3392 3644 1
3399 3624 4
3399 3643 4
3399 3669 4
3399 3699 4
3511 1455 4
3511 3251 4
3511 3253 4
3511 3259 4
3512 3261 5
3512 3262 5
3512 3263 5
3512 3264 5
3512 3269 5
3521 3241 1
3541 3272 1
3542 3272 1
3549 3271 2
3549 3272 2
3551 3273 1
3561 3211 3
3561 3221 3
3561 3231 3
3562 3229 2
3562 3231 2
3571 3291 1
3581 3274 1
3591 3255 4
3591 3274 4
3591 3295 4
3591 3297 4
3592 3053 2
3592 3292 2
3593 3275 1
3594 3296 1
3599 2899 4
3599 3281 4
3599 3295 4
3599 3299 4
3611 2911 1
3612 2992 1
3699 2951 3
3699 2952 3
3699 2999 3
3711 2812 8
3711 2813 8
3711 2816 8
3711 2819 8
3711 2873 8
3711 2874 8
3711 2895 8
3711 2899 8
3712 2813 6
3712 2822 6
3712 2861 6
3712 2865 6
3712 2869 6
3712 2899 6
3721 2819 3
3721 2873 3
3721 2874 3
3722 2875 1
3729 2879 1
3731 2821 2
3731 3087 2
3741 2833 5
3741 2834 5
3741 2835 5
3741 2836 5
3741 3843 5
3751 2851 1
3761 2841 3
3761 2842 3
3761 3291 3
3771 2844 1
3791 2893 2
3791 2899 2
3792 2891 1
3799 2842 10
3799 2843 10
3799 2861 10
3799 2865 10
3799 2869 10
3799 2879 10
3799 2892 10
3799 2899 10
3799 3482 10
3799 3483 10
3911 3491 7
3911 3492 7
3911 3822 7
3911 3823 7
3911 3824 7
3911 3825 7
3911 3829 7
3912 3812 11
3912 3821 11
3912 3826 11
3912 3827 11
3912 3829 11
3912 3841 11
3912 3842 11
3912 3843 11
3912 3844 11
3912 3845 11
3912 3861 11
3913 3579 2
3913 3873 2
3914 3851 1
3921 3471 6
3921 3479 6
3921 3911 6
3921 3914 6
3921 3915 6
3921 3961 6
3922 3341 4
3922 3356 4
3922 3497 4
3922 3843 4
3931 3089 6
3931 3429 6
3931 3648 6
3931 3751 6
3931 3944 6
3931 3949 6
3932 3069 3
3932 3942 3
3932 3944 3
3971 3993 1
3991 2392 2
3991 3991 2
3992 3965 1
3993 2295 3
3993 3069 3
3993 3996 3
3994 3652 3
3994 3695 3
3994 3931 3
3999 2097 15
3999 2591 15
3999 2741 15
3999 3053 15
3999 3172 15
3999 3299 15
3999 3842 15
3999 3843 15
3999 3951 15
3999 3952 15
3999 3953 15
3999 3955 15
3999 3965 15
3999 3999 15
3999 8072 15
4011 1521 2
4011 1531 2
4012 1521 3
4012 1522 3
4012 1531 3
4013 1521 2
4013 1522 2
4021 1541 2
4021 1629 2
4022 1522 3
4022 1541 3
4022 1542 3
4023 1542 1
4111 1629 1
4112 1623 2
4112 1629 2
4113 1623 1
4119 1541 2
4119 1629 2
4121 1611 3
4121 1622 3
4121 1771 3
4122 1623 1
4123 1629 1
4124 1623 2
4124 1629 2
4129 1622 2
4129 1629 2
4211 1795 1
4212 1781 1
4213 1711 1
4214 1629 2
4214 1794 2
4215 7353 1
4216 1771 2
4216 1799 2
4217 1799 1
4219 782 2
4219 1629 2
4221 1629 2
4221 1799 2
4222 1799 1
4223 1791 1
4224 1771 2
4224 1799 2
4225 1791 1
4226 1751 1
4227 1791 1
4229 1791 1
4231 1741 1
4232 1751 4
4232 1761 4
4232 1791 4
4232 1799 4
4233 1793 2
4233 1799 2
4234 1742 1
4235 1761 1
4236 1761 1
4239 1799 1
4241 1711 1
4242 1711 1
4243 1711 1
4244 1761 1
4251 1711 1
4252 1711 1
4253 1711 1
4254 1711 1
4255 1796 1
4256 1799 1
4259 1623 1
4261 1731 1
4271 1742 3
4271 1743 3
4271 1771 3
4272 1742 1
4273 1742 1
4274 1751 1
4275 1721 2
4275 1799 2
4276 1743 1
4277 1752 1
4278 1752 1
4279 1799 1
4291 1791 2
4291 1796 2
4292 1791 3
4292 1796 3
4292 1799 3
4293 1799 1
4299 1796 3
4299 1799 3
4299 7622 3
4411 8741 1
4491 6552 1
4499 1799 2
4499 7389 2
4511 4512 2
4511 4523 2
4512 4513 2
4512 4522 2
4513 721 8
4513 1382 8
4513 4522 8
4513 7319 8
4513 7335 8
4513 7997 8
4513 8299 8
4513 8713 8
4521 4581 1
4522 7359 1
4523 4581 1
4529 4581 1
4531 4011 2
4531 4013 2
4532 4013 4
4532 4482 4
4532 4741 4
4532 4789 4
4541 4412 6
4541 4424 6
4541 4432 6
4541 4449 6
4541 4481 6
4541 4489 6
4542 4482 1
4543 4449 3
4543 4492 3
4543 4499 3
4544 4499 1
4549 4489 1
4551 4491 1
4552 4491 2
4552 4499 2
4553 4499 1
4554 4499 1
4555 4731 1
4559 4491 3
4559 4499 3
4559 4785 3
4561 4212 3
4561 4213 3
4561 4231 3
4562 4212 4
4562 4213 4
4562 4214 4
4562 4226 4
4563 4212 2
4563 4213 2
4564 4212 2
4564 4213 2
4565 4212 2
4565 4213 2
4569 4212 2
4569 4213 2
4571 4111 1
4572 4131 2
4572 4173 2
4573 4151 1
4574 4119 3
4574 4141 3
4574 4142 3
4575 4111 1
4581 4121 2
4581 4899 2
4589 4119 1
4591 1611 4
4591 1622 4
4591 4785 4
4591 4959 4
4592 4731 1
4599 4731 3
4599 4783 3
4599 4789 3
4611 4922 2
4611 4923 2
4612 4612 1
4619 4613 2
4619 4619 2
4711 4221 1
4791 4222 2
4791 4226 2
4799 4221 4
4799 4225 4
4799 4226 4
4799 7389 4
4811 4832 1
4812 4833 1
4813 4832 2
4813 4833 2
4814 4841 1
4821 4812 4
4821 4813 4
4821 4822 4
4821 4899 4
4839 4812 2
4839 4841 2
4841 4212 4
4841 4213 4
4841 4311 4
4841 7389 4
4842 4215 1
4911 4911 2
4911 4931 2
4921 4923 3
4921 4924 3
4921 4932 3
4931 4941 2
4931 4971 2
4999 4952 3
4999 4953 3
4999 4961 3
5011 5154 1
5012 5153 2
5012 5159 2
5019 5143 3
5019 5159 3
5019 5193 3
5111 5171 4
5111 5172 4
5111 5983 4
5111 5984 4
5211 5145 1
5212 5142 1
5213 5143 1
5214 5144 1
5215 5146 1
5216 5148 1
5217 5147 1
5219 5141 2
5219 5149 2
5221 5149 1
5222 5181 2
5222 5182 2
5231 5122 1
5232 5122 1
5239 5122 1
5241 5194 1
5311 5136 1
5312 5137 1
5313 5137 1
5314 5139 1
5319 5137 1
5321 5131 1
5329 5131 2
5329 5199 2
5411 5064 1
5412 5064 2
5412 5065 2
5421 5021 1
5431 5023 1
5432 5023 1
5433 5023 1
5439 5023 2
5439 5199 2
5511 5012 1
5512 5012 2
5512 7538 2
5519 5012 1
5521 5014 2
5521 7534 2
5529 3694 3
5529 3714 3
5529 5013 3
5611 5051 2
5611 5052 2
5612 5051 1
5613 5051 3
5613 5052 3
5613 5094 3
5619 5051 1
5621 5023 2
5621 5072 2
5622 5074 3
5622 5075 3
5622 5087 3
5631 5031 2
5631 5211 2
5632 5039 2
5632 5198 2
5639 5031 5
5639 5032 5
5639 5033 5
5639 5039 5
5639 5211 5
5711 5083 2
5711 7699 2
5721 5082 1
5722 5082 2
5722 5084 2
5731 5084 2
5731 5085 2
5741 5063 1
5742 5063 2
5742 5084 2
5743 5065 2
5743 7629 2
5744 5045 2
5744 5734 2
5749 5064 3
5749 5075 3
5749 5084 3
5791 5021 6
5791 5044 6
5791 5046 6
5791 5065 6
5791 5078 6
5791 7629 6
5792 5043 6
5792 5044 6
5792 5046 6
5792 5074 6
5792 5087 6
5792 7699 6
5793 5047 5
5793 5048 5
5793 5049 5
5793 7629 5
5793 7699 5
5799 5087 3
5799 5088 3
5799 5091 3
5911 5015 2
5911 5093 2
5919 5093 1
5921 5111 1
5922 5112 1
5929 5111 2
5929 5113 2
5931 5149 2
5931 5191 2
5932 5191 1
5939 5191 1
5941 5092 1
5942 5091 2
5942 5099 2
5951 5043 1
5952 5099 1
5961 5094 1
5971 5162 2
5971 5169 2
5981 5023 4
5981 5199 4
5981 5087 4
5981 5099 4
5991 5192 1
5992 5023 4
5992 5199 4
5992 5087 4
5992 5099 4
5993 5099 1
5999 5052 5
5999 5085 5
5999 5099 5
5999 5193 5
5999 5199 5
6011 5411 1
6012 5411 1
6013 5461 1
6014 5441 1
6015 5431 1
6016 5421 1
6019 5421 3
6019 5451 3
6019 5499 3
6021 5921 1
6022 5921 1
6023 5921 1
6031 5912 1
6032 5912 1
6111 5661 1
6121 5611 2
6121 5699 2
6131 5621 3
6131 5632 3
6131 5699 3
6141 5641 1
6142 5632 1
6149 5651 2
6149 5699 2
6151 5949 1
6211 5712 1
6212 5712 1
6213 7641 1
6221 5722 1
6222 5731 1
6223 7622 4
6223 7623 4
6223 7629 4
6223 7699 4
6231 5713 1
6232 5714 1
6239 5712 2
6239 5719 2
6311 5511 1
6312 5521 1
6321 5561 2
6321 5599 2
6322 5551 1
6323 5571 3
6323 5599 3
6323 7699 3
6329 5571 2
6329 5599 2
6331 5541 2
6331 7549 2
6341 5531 1
6342 5015 2
6342 5531 2
6351 7538 2
6351 7539 2
6352 7532 1
6353 7533 1
6354 7536 1
6355 7537 1
6359 7532 2
6359 7539 2
6391 7542 1
6399 7532 2
6399 7549 2
6411 5311 2
6411 5399 2
6412 5399 1
6413 5331 2
6413 5961 2
6511 5942 3
6511 5943 3
6511 5947 3
6521 5992 1
6522 5261 1
6531 5251 2
6531 5261 2
6532 5231 2
6532 5719 2
6541 5661 3
6541 5699 3
6541 5941 3
6542 5941 2
6542 7699 2
6551 5736 2
6551 7699 2
6552 5735 1
6561 5944 1
6562 7631 1
6571 5946 2
6571 7384 2
6581 5735 2
6581 5945 2
6582 5947 1
6591 5932 1
6592 5995 1
6593 5999 1
6594 5632 3
6594 5699 3
6594 5948 3
6595 5999 1
6596 5999 1
6597 5999 1
6598 5271 1
6599 5399 6
6599 5989 6
6599 5993 6
6599 5994 6
6599 5999 6
6599 7699 6
6911 5962 1
6921 5431 3
6921 5961 3
6921 5963 3
7011 6011 1
7021 6021 4
7021 6022 4
7021 6035 4
7021 6036 4
7029 6029 3
7029 6035 3
7029 6036 3
7031 6021 4
7031 6022 4
7031 6036 4
7031 6091 4
7041 6035 2
7041 6036 2
7042 6035 2
7042 6036 2
7051 6061 2
7051 6062 2
7052 6019 1
7099 6081 2
7099 6099 2
7111 6141 1
7121 6141 2
7121 6153 2
7122 6154 1
7123 6153 1
7124 6159 1
7125 6799 1
7129 6019 6
7129 6082 6
7129 6111 6
7129 6153 6
7129 6159 6
7129 6162 6
7211 6282 2
7211 6722 2
7212 6371 2
7212 6722 2
7213 6311 1
7214 6726 1
7215 6712 2
7215 6719 2
7221 6162 1
7222 6798 1
7229 6159 2
7229 6162 2
7291 6371 1
7292 6021 3
7292 6022 3
7292 6091 3
7299 6371 6
7299 6726 6
7299 6732 6
7299 6733 6
7299 6792 6
7299 6799 6
7311 6311 1
7321 6399 1
7331 6321 2
7331 6324 2
7339 6311 7
7339 6321 7
7339 6331 7
7339 6351 7
7339 6361 7
7339 6399 7
7339 9441 7
7411 6211 1
7412 6211 1
7413 6221 1
7421 6163 1
7431 6231 1
7432 6231 1
7499 6082 5
7499 6099 5
7499 6282 5
7499 6289 5
7499 6794 5
7511 6513 3
7511 6514 3
7511 6531 3
7512 6512 2
7512 6531 2
7599 6515 4
7599 6517 4
7599 6519 4
7599 6531 4
7611 6411 2
7611 6531 2
7711 7361 1
7712 7363 2
7712 8744 2
7721 7371 7
7721 7372 7
7721 7373 7
7721 7374 7
7721 7376 7
7721 7377 7
7721 7379 7
7722 7378 1
7731 8721 1
7739 7291 2
7739 8721 2
7741 7311 2
7741 8748 2
7742 7313 1
7743 7312 2
7743 7319 2
7749 7319 5
7749 7331 5
7749 7336 5
7749 7389 5
7749 8732 5
7751 8712 1
7752 8711 1
7759 781 10
7759 1382 10
7759 7389 10
7759 8713 10
7759 8731 10
7759 8732 10
7759 8733 10
7759 8734 10
7759 8748 10
7759 8999 10
7761 7389 2
7761 8111 2
7771 8741 3
7771 8742 3
7771 8743 3
7791 7381 2
7791 7382 2
7792 7323 1
7793 7322 1
7794 4731 1
7795 7389 1
7796 7334 1
7799 6282 12
7799 6289 12
7799 7331 12
7799 7338 12
7799 7375 12
7799 7383 12
7799 7389 12
7799 8732 12
7799 8733 12
7799 8748 12
7799 8999 12
7799 9611 12
8111 9711 1
8121 9211 1
8122 8322 2
8122 9223 2
8123 9221 1
8125 9199 4
8125 9222 4
8125 9641 4
8125 9651 4
8129 9229 2
8129 9641 2
8131 9431 3
8131 9441 3
8131 9651 3
8132 9721 1
8139 9721 1
8141 9721 1
8142 9721 1
8151 9111 4
8151 9121 4
8151 9131 4
8151 9199 4
8152 9311 2
8152 9611 2
8153 9311 1
8154 9199 1
8159 9199 3
8159 9611 3
8159 9651 3
8161 9431 1
8162 9441 2
8162 9451 2
8163 9411 1
8164 9199 2
8164 9512 2
8171 9621 2
8171 9631 2
8172 9512 4
8172 9611 4
8172 9631 4
8172 9641 4
8173 9511 1
8174 9531 1
8175 9532 1
8176 9661 1
8221 9211 1
8222 8322 2
8222 9223 2
8223 9221 1
8224 9224 1
8225 9199 5
8225 9222 5
8225 9631 5
8225 9641 5
8225 9651 5
8229 9229 1
8231 9431 3
8231 9441 3
8231 9651 3
8251 9111 3
8251 9121 3
8251 9131 3
8252 9311 2
8252 9611 2
8253 9311 1
8254 9199 1
8259 9199 1
8261 9431 1
8262 9441 1
8263 9411 1
8264 9199 2
8264 9512 2
8271 9621 2
8271 9631 2
8272 9512 3
8272 9611 3
8272 9641 3
8273 9511 1
8274 9531 1
8275 9532 1
8276 9532 1
8321 9211 1
8322 9223 1
8323 9221 1
8324 9224 1
8325 9199 3
8325 9222 3
8325 9631 3
8329 9229 1
8351 9111 4
8351 9121 4
8351 9131 4
8351 9199 4
8352 9311 2
8352 9651 2
8353 9311 1
8354 9199 1
8359 9199 1
8361 9431 1
8362 9441 1
8363 9411 1
8364 9199 2
8364 9512 2
8371 9621 1
8372 9512 2
8372 9611 2
8373 9511 1
8374 9531 1
8375 9532 1
8411 9721 1
8511 8211 1
8521 7231 7
8521 7241 7
8521 8222 7
8521 8243 7
8521 8244 7
8521 8249 7
8521 8299 7
8531 8221 1
8541 8231 1
8551 8412 1
8599 8299 2
8599 8733 2
8611 8062 1
8612 8069 1
8613 8069 1
8614 8063 1
8615 8069 1
8616 8069 1
8617 8069 1
8619 8069 1
8621 8051 4
8621 8052 4
8621 8059 4
8621 8361 4
8622 8361 1
8623 8361 1
8624 8059 2
8624 8361 2
8625 8361 1
8626 8361 1
8627 8361 1
8628 8361 1
8629 8361 1
8631 4119 1
8632 8093 1
8633 8093 1
8634 8082 1
8635 8093 1
8639 8092 3
8639 8093 3
8639 8099 3
8641 8351 1
8642 8322 1
8643 8322 1
8644 8331 1
8645 8322 1
8646 8322 1
8647 8331 1
8648 8322 1
8649 8322 2
8649 8399 2
8651 8011 1
8652 8011 1
8653 8021 1
8654 8021 1
8661 8031 2
8661 8041 2
8662 8049 1
8663 8049 1
8664 8049 1
8665 8049 1
8666 8042 1
8667 8043 1
8668 8049 1
8669 8049 1
8671 8049 2
8671 8999 2
8672 8322 1
8679 8049 1
8681 8071 1
8682 8071 1
8683 8071 1
8684 8071 1
8685 8099 1
8689 8071 2
8689 8099 2
8691 8322 2
8691 8399 2
8692 8399 3
8692 8621 3
8692 9651 3
8693 8733 1
8694 8399 2
8694 8733 2
8699 8399 1
9111 7011 1
9112 7011 1
9113 7011 1
9114 7011 1
9121 7021 2
9121 7041 2
9131 7033 1
9141 7032 1
9149 7032 2
9149 7999 2
9211 5812 1
9212 5812 1
9213 5441 3
9213 5461 3
9213 5812 3
9214 5812 2
9214 5963 2
9221 5813 1
9611 7812 2
9611 7819 2
9612 7822 1
9613 7819 1
9614 7389 1
9619 7829 1
9621 7832 1
9622 7833 1
9629 7832 1
9631 7922 2
9631 7929 2
9639 7819 2
9639 7922 2
9641 7941 1
9642 7941 2
9642 7999 2
9643 7948 1
9644 7948 1
9651 7992 2
9651 7997 2
9652 7997 2
9652 7999 2
9653 7999 1
9654 4493 2
9654 7999 2
9659 7997 1
9661 7993 3
9661 7999 3
9661 9311 3
9691 7933 2
9691 7999 2
9692 7996 2
9692 7999 2
9693 7911 1
9694 7993 1
9695 7999 1
9696 8422 1
9699 7999 1
9711 7241 1
9712 7231 1
9713 7231 1
9721 7211 3
9721 7216 3
9721 7218 3
9722 7212 1
9723 7215 1
9724 7212 2
9724 7219 2
9725 7213 3
9725 7218 3
9725 7219 3
9726 7217 1
9729 7219 1
9731 7261 1
9732 6553 2
9732 7261 2
9741 8811 1
9791 7251 1
9792 7219 1
9799 7299 3
9799 7991 3
9799 7999 3
9811 8661 1
9821 8611 2
9821 8699 2
9831 8621 1
9839 8611 2
9839 8621 2
9841 8631 1
9851 8651 1
9861 8641 1
9911 7353 2
9911 7359 2
9912 7359 2
9912 7841 2
9913 7359 1
9919 7218 4
9919 7352 4
9919 7359 4
9919 7999 4
9921 7513 4
9921 7514 4
9921 7515 4
9921 7519 4
9931 7221 2
9931 7335 2
9941 7539 2
9941 7694 2
9942 7692 2
9942 7699 2
9949 7629 2
9949 7699 2
9951 7342 1
9952 7349 1
9953 7349 1
9959 782 7
9959 783 7
9959 1799 7
9959 7349 7
9959 7359 7
9959 7389 7
9959 7699 7
9961 4724 2
9961 4729 2
9962 4725 1
9991 7521 1
9999 752 8
9999 6099 8
9999 6541 8
9999 7383 8
9999 7389 8
9999 7699 8
9999 8699 8
9999 8999 8
110 211 12
110 212 12
110 213 12
110 214 12
110 219 12
110 241 12
110 251 12
110 252 12
110 253 12
110 254 12
110 259 12
110 291 12
120 251 9
120 252 9
120 253 9
120 254 9
120 259 9
120 271 9
120 272 9
120 273 9
120 279 9
130 111 10
130 112 10
130 115 10
130 116 10
130 119 10
130 131 10
130 132 10
130 133 10
130 134 10
130 139 10
140 191 1
150 161 9
150 171 9
150 172 9
150 173 9
150 174 9
150 175 9
150 179 9
150 181 9
150 182 9
160 181 12
160 182 12
160 811 12
160 831 12
160 181 12
160 182 12
160 811 12
160 831 12
160 181 12
160 182 12
160 811 12
160 831 12
310 271 7
310 272 7
310 273 7
310 279 7
310 912 7
310 913 7
310 919 7
330 971 1
410 2411 2
410 2411 2
620 1411 12
620 1455 12
620 1459 12
620 1474 12
620 1475 12
620 1479 12
620 1499 12
620 2891 12
620 2892 12
620 2893 12
620 2895 12
620 2899 12
630 1221 3
630 1222 3
630 1231 3
710 1311 2
710 1321 2
810 1411 7
810 1422 7
810 1423 7
810 1429 7
810 1455 7
810 1459 7
810 1499 7
910 1381 3
910 1382 3
910 1389 3
920 1081 3
920 1241 3
920 1481 3
1010 2011 8
1010 2013 8
1010 2015 8
1010 2074 8
1010 2075 8
1010 2076 8
1010 2077 8
1010 2079 8
1020 2074 12
1020 2075 12
1020 2076 12
1020 2077 12
1020 2079 12
1020 2091 12
1020 2092 12
1020 2095 12
1020 2096 12
1020 2097 12
1020 2098 12
1020 2099 12
1030 2032 19
1030 2033 19
1030 2034 19
1030 2035 19
1030 2037 19
1030 2038 19
1030 2082 19
1030 2083 19
1030 2084 19
1030 2085 19
1030 2086 19
1030 2087 19
1030 2091 19
1030 2092 19
1030 2095 19
1030 2096 19
1030 2097 19
1030 2098 19
1030 2099 19
1040 2021 5
1040 2022 5
1040 2023 5
1040 2024 5
1040 2026 5
1050 2041 7
1050 2043 7
1050 2044 7
1050 2045 7
1050 2046 7
1050 2047 7
1050 2048 7
1070 2041 10
1070 2043 10
1070 2044 10
1070 2045 10
1070 2046 10
1070 2047 10
1070 2048 10
1070 2051 10
1070 2052 10
1070 2053 10
1080 2061 14
1080 2062 14
1080 2063 14
1080 2064 14
1080 2066 14
1080 2067 14
1080 2068 14
1080 2091 14
1080 2092 14
1080 2095 14
1080 2096 14
1080 2097 14
1080 2098 14
1080 2099 14
1090 2011 49
1090 2013 49
1090 2015 49
1090 2021 49
1090 2022 49
1090 2023 49
1090 2024 49
1090 2026 49
1090 2032 49
1090 2033 49
1090 2034 49
1090 2035 49
1090 2037 49
1090 2038 49
1090 2041 49
1090 2043 49
1090 2044 49
1090 2045 49
1090 2046 49
1090 2047 49
1090 2048 49
1090 2051 49
1090 2052 49
1090 2053 49
1090 2061 49
1090 2062 49
1090 2063 49
1090 2064 49
1090 2066 49
1090 2067 49
1090 2068 49
1090 2074 49
1090 2075 49
1090 2076 49
1090 2077 49
1090 2079 49
1090 2082 49
1090 2083 49
1090 2084 49
1090 2085 49
1090 2086 49
1090 2087 49
1090 2091 49
1090 2092 49
1090 2095 49
1090 2096 49
1090 2097 49
1090 2098 49
1090 2099 49
1110 2082 6
1110 2083 6
1110 2084 6
1110 2085 6
1110 2086 6
1110 2087 6
1130 2082 6
1130 2083 6
1130 2084 6
1130 2085 6
1130 2086 6
1130 2087 6
1210 2141 1
1220 2111 3
1220 2121 3
1220 2131 3
1510 3011 1
1610 3081 9
1610 3082 9
1610 3083 9
1610 3084 9
1610 3085 9
1610 3086 9
1610 3087 9
1610 3088 9
1610 3089 9
1630 3081 9
1630 3082 9
1630 3083 9
1630 3084 9
1630 3085 9
1630 3086 9
1630 3087 9
1630 3088 9
1630 3089 9
1690 2671 20
1690 2672 20
1690 2673 20
1690 2674 20
1690 2675 20
1690 2676 20
1690 2677 20
1690 2678 20
1690 2679 20
1690 3052 20
1690 3053 20
1690 3081 20
1690 3082 20
1690 3083 20
1690 3084 20
1690 3085 20
1690 3086 20
1690 3087 20
1690 3088 20
1690 3089 20
1710 3021 11
1710 3111 11
1710 3131 11
1710 3142 11
1710 3143 11
1710 3144 11
1710 3149 11
1710 3161 11
1710 3171 11
1710 3172 11
1710 3199 11
1810 2281 14
1810 2282 14
1810 2284 14
1810 2295 14
1810 2296 14
1810 2297 14
1810 2298 14
1810 2299 14
1810 2821 14
1810 2822 14
1810 2823 14
1810 2824 14
1810 3221 14
1810 3229 14
1820 2211 9
1820 2221 9
1820 2231 9
1820 2261 9
1820 2262 9
1820 2269 9
1820 2281 9
1820 2282 9
1820 2284 9
1920 2273 1
1990 2211 46
1990 2221 46
1990 2231 46
1990 2241 46
1990 2251 46
1990 2252 46
1990 2253 46
1990 2254 46
1990 2257 46
1990 2258 46
1990 2259 46
1990 2261 46
1990 2262 46
1990 2269 46
1990 2281 46
1990 2282 46
1990 2284 46
1990 2295 46
1990 2296 46
1990 2297 46
1990 2298 46
1990 2299 46
1990 2391 46
1990 2392 46
1990 2393 46
1990 2394 46
1990 2395 46
1990 2396 46
1990 2397 46
1990 2399 46
1990 2591 46
1990 2599 46
1990 2671 46
1990 2672 46
1990 2673 46
1990 2674 46
1990 2675 46
1990 2676 46
1990 2677 46
1990 2678 46
1990 2679 46
1990 3841 46
1990 3842 46
1990 3843 46
1990 3844 46
1990 3845 46
2430 2251 20
2430 2252 20
2430 2253 20
2430 2254 20
2430 2257 20
2430 2258 20
2430 2259 20
2430 2311 20
2430 2321 20
2430 2322 20
2430 2323 20
2430 2325 20
2430 2326 20
2430 2329 20
2430 2381 20
2430 2384 20
2430 2385 20
2430 2386 20
2430 2387 20
2430 2389 20
2440 2251 27
2440 2252 27
2440 2253 27
2440 2254 27
2440 2257 27
2440 2258 27
2440 2259 27
2440 2331 27
2440 2335 27
2440 2337 27
2440 2339 27
2440 2341 27
2440 2342 27
2440 2381 27
2440 2384 27
2440 2385 27
2440 2386 27
2440 2387 27
2440 2389 27
2440 2391 27
2440 2392 27
2440 2393 27
2440 2394 27
2440 2395 27
2440 2396 27
2440 2397 27
2440 2399 27
2490 2251 53
2490 2252 53
2490 2253 53
2490 2254 53
2490 2257 53
2490 2258 53
2490 2259 53
2490 2311 53
2490 2321 53
2490 2322 53
2490 2323 53
2490 2325 53
2490 2326 53
2490 2329 53
2490 2331 53
2490 2335 53
2490 2337 53
2490 2339 53
2490 2341 53
2490 2342 53
2490 2353 53
2490 2361 53
2490 2369 53
2490 2371 53
2490 2381 53
2490 2384 53
2490 2385 53
2490 2386 53
2490 2387 53
2490 2389 53
2490 2391 53
2490 2392 53
2490 2393 53
2490 2394 53
2490 2395 53
2490 2396 53
2490 2397 53
2490 2399 53
2490 3081 53
2490 3082 53
2490 3083 53
2490 3084 53
2490 3085 53
2490 3086 53
2490 3087 53
2490 3088 53
2490 3089 53
2490 3151 53
2490 3841 53
2490 3842 53
2490 3843 53
2490 3844 53
2490 3845 53
2510 2421 6
2510 2426 6
2510 2429 6
2510 2441 6
2510 2448 6
2510 2449 6
2520 2431 5
2520 2434 5
2520 2435 5
2520 2436 5
2520 2439 5
2560 2441 3
2560 2448 3
2560 2449 3
2590 2441 6
2590 2448 6
2590 2449 6
2590 2491 6
2590 2493 6
2590 2499 6
2610 2511 10
2610 2512 10
2610 2514 10
2610 2515 10
2610 2517 10
2610 2519 10
2610 5712 10
2610 5713 10
2610 5714 10
2610 5719 10
2640 2521 3
2640 2522 3
2640 2531 3
2690 2421 25
2690 2426 25
2690 2429 25
2690 2491 25
2690 2493 25
2690 2499 25
2690 2511 25
2690 2512 25
2690 2514 25
2690 2515 25
2690 2517 25
2690 2519 25
2690 2531 25
2690 2541 25
2690 2542 25
2690 2591 25
2690 2599 25
2690 3821 25
2690 3822 25
2690 3823 25
2690 3824 25
2690 3825 25
2690 3826 25
2690 3827 25
2690 3829 25
2710 2491 6
2710 2493 6
2710 2499 6
2710 2611 6
2710 2621 6
2710 2631 6
2730 2621 16
2730 2631 16
2730 2652 16
2730 2653 16
2730 2655 16
2730 2656 16
2730 2657 16
2730 2671 16
2730 2672 16
2730 2673 16
2730 2674 16
2730 2675 16
2730 2676 16
2730 2677 16
2730 2678 16
2730 2679 16
2790 2621 25
2790 2652 25
2790 2653 25
2790 2655 25
2790 2656 25
2790 2657 25
2790 2671 25
2790 2672 25
2790 2673 25
2790 2674 25
2790 2675 25
2790 2676 25
2790 2677 25
2790 2678 25
2790 2679 25
2790 3491 25
2790 3492 25
2790 3493 25
2790 3494 25
2790 3495 25
2790 3496 25
2790 3497 25
2790 3498 25
2790 3499 25
2790 3861 25
2810 2731 9
2810 2732 9
2810 2752 9
2810 2754 9
2810 2759 9
2810 2761 9
2810 2771 9
2810 2782 9
2810 2789 9
2830 2711 5
2830 2721 5
2830 2731 5
2830 2732 5
2830 2741 5
2840 2711 5
2840 2721 5
2840 2731 5
2840 2732 5
2840 2741 5
2910 3312 10
2910 3313 10
2910 3315 10
2910 3316 10
2910 3321 10
2910 3322 10
2910 3324 10
2910 3325 10
2910 3398 10
2910 3399 10
2950 3331 3
2950 3334 3
2950 3339 3
2960 3351 18
2960 3353 18
2960 3354 18
2960 3355 18
2960 3356 18
2960 3357 18
2960 3363 18
2960 3364 18
2960 3365 18
2960 3366 18
2960 3369 18
2960 3398 18
2960 3399 18
2960 3462 18
2960 3463 18
2960 3465 18
2960 3466 18
2960 3469 18
2990 3341 28
2990 3351 28
2990 3353 28
2990 3354 28
2990 3355 28
2990 3356 28
2990 3357 28
2990 3363 28
2990 3364 28
2990 3365 28
2990 3366 28
2990 3369 28
2990 3398 28
2990 3399 28
2990 3462 28
2990 3463 28
2990 3465 28
2990 3466 28
2990 3469 28
2990 3491 28
2990 3492 28
2990 3493 28
2990 3494 28
2990 3495 28
2990 3496 28
2990 3497 28
2990 3498 28
2990 3499 28
3020 3441 7
3020 3442 7
3020 3443 7
3020 3444 7
3020 3446 7
3020 3448 7
3020 3449 7
3030 2541 10
3030 2542 10
3030 3231 10
3030 3441 10
3030 3442 10
3030 3443 10
3030 3444 10
3030 3446 10
3030 3448 10
3030 3449 10
3040 3411 27
3040 3412 27
3040 3441 27
3040 3442 27
3040 3443 27
3040 3444 27
3040 3446 27
3040 3448 27
3040 3449 27
3040 3451 27
3040 3452 27
3040 3462 27
3040 3463 27
3040 3465 27
3040 3466 27
3040 3469 27
3040 3471 27
3040 3479 27
3040 3491 27
3040 3492 27
3040 3493 27
3040 3494 27
3040 3495 27
3040 3496 27
3040 3497 27
3040 3498 27
3040 3499 27
3050 3312 36
3050 3313 36
3050 3315 36
3050 3316 36
3050 3351 36
3050 3353 36
3050 3354 36
3050 3355 36
3050 3356 36
3050 3357 36
3050 3398 36
3050 3399 36
3050 3421 36
3050 3423 36
3050 3425 36
3050 3429 36
3050 3451 36
3050 3452 36
3050 3491 36
3050 3492 36
3050 3493 36
3050 3494 36
3050 3495 36
3050 3496 36
3050 3497 36
3050 3498 36
3050 3499 36
3050 3541 36
3050 3542 36
3050 3543 36
3050 3544 36
3050 3545 36
3050 3546 36
3050 3547 36
3050 3548 36
3050 3549 36
3060 3421 20
3060 3423 20
3060 3425 20
3060 3429 20
3060 3523 20
3060 3524 20
3060 3541 20
3060 3542 20
3060 3543 20
3060 3544 20
3060 3545 20
3060 3546 20
3060 3547 20
3060 3548 20
3060 3549 20
3060 3991 20
3060 3993 20
3060 3995 20
3060 3996 20
3060 3999 20
3070 3431 23
3070 3432 23
3070 3433 23
3070 3561 23
3070 3562 23
3070 3563 23
3070 3564 23
3070 3565 23
3070 3566 23
3070 3567 23
3070 3568 23
3070 3569 23
3070 3581 23
3070 3582 23
3070 3585 23
3070 3586 23
3070 3589 23
3070 3631 23
3070 3632 23
3070 3633 23
3070 3634 23
3070 3635 23
3070 3639 23
3080 3511 12
3080 3519 12
3080 3592 12
3080 3593 12
3080 3594 12
3080 3596 12
3080 3599 12
3080 3711 12
3080 3713 12
3080 3714 12
3080 3715 12
3080 3716 12
3090 3052 66
3090 3053 66
3090 3291 66
3090 3292 66
3090 3295 66
3090 3296 66
3090 3297 66
3090 3299 66
3090 3398 66
3090 3399 66
3090 3421 66
3090 3423 66
3090 3425 66
3090 3429 66
3090 3431 66
3090 3432 66
3090 3433 66
3090 3441 66
3090 3442 66
3090 3443 66
3090 3444 66
3090 3446 66
3090 3448 66
3090 3449 66
3090 3462 66
3090 3463 66
3090 3465 66
3090 3466 66
3090 3469 66
3090 3482 66
3090 3483 66
3090 3484 66
3090 3489 66
3090 3491 66
3090 3492 66
3090 3493 66
3090 3494 66
3090 3495 66
3090 3496 66
3090 3497 66
3090 3498 66
3090 3499 66
3090 3592 66
3090 3593 66
3090 3594 66
3090 3596 66
3090 3599 66
3090 3643 66
3090 3644 66
3090 3645 66
3090 3646 66
3090 3647 66
3090 3648 66
3090 3821 66
3090 3822 66
3090 3823 66
3090 3824 66
3090 3825 66
3090 3826 66
3090 3827 66
3090 3829 66
3090 3991 66
3090 3993 66
3090 3995 66
3090 3996 66
3090 3999 66
3110 3523 2
3110 3524 2
3190 3511 50
3190 3519 50
3190 3523 50
3190 3524 50
3190 3531 50
3190 3532 50
3190 3533 50
3190 3534 50
3190 3535 50
3190 3536 50
3190 3537 50
3190 3541 50
3190 3542 50
3190 3543 50
3190 3544 50
3190 3545 50
3190 3546 50
3190 3547 50
3190 3548 50
3190 3549 50
3190 3552 50
3190 3553 50
3190 3554 50
3190 3555 50
3190 3556 50
3190 3559 50
3190 3561 50
3190 3562 50
3190 3563 50
3190 3564 50
3190 3565 50
3190 3566 50
3190 3567 50
3190 3568 50
3190 3569 50
3190 3581 50
3190 3582 50
3190 3585 50
3190 3586 50
3190 3589 50
3190 3592 50
3190 3593 50
3190 3594 50
3190 3596 50
3190 3599 50
3190 3991 50
3190 3993 50
3190 3995 50
3190 3996 50
3190 3999 50
3230 3711 5
3230 3713 5
3230 3714 5
3230 3715 5
3230 3716 5
3240 2451 10
3240 2452 10
3240 3711 10
3240 3713 10
3240 3714 10
3240 3715 10
3240 3716 10
3240 3792 10
3240 3795 10
3240 3799 10
3250 2391 59
3250 2392 59
3250 2393 59
3250 2394 59
3250 2395 59
3250 2396 59
3250 2397 59
3250 2399 59
3250 2531 59
3250 3081 59
3250 3082 59
3250 3083 59
3250 3084 59
3250 3085 59
3250 3086 59
3250 3087 59
3250 3088 59
3250 3089 59
3250 3421 59
3250 3423 59
3250 3425 59
3250 3429 59
3250 3462 59
3250 3463 59
3250 3465 59
3250 3466 59
3250 3469 59
3250 3491 59
3250 3492 59
3250 3493 59
3250 3494 59
3250 3495 59
3250 3496 59
3250 3497 59
3250 3498 59
3250 3499 59
3250 3511 59
3250 3519 59
3250 3592 59
3250 3593 59
3250 3594 59
3250 3596 59
3250 3599 59
3250 3643 59
3250 3644 59
3250 3645 59
3250 3646 59
3250 3647 59
3250 3648 59
3250 3691 59
3250 3692 59
3250 3694 59
3250 3695 59
3250 3699 59
3250 3711 59
3250 3713 59
3250 3714 59
3250 3715 59
3250 3716 59
3310 3631 6
3310 3632 6
3310 3633 6
3310 3634 6
3310 3635 6
3310 3639 6
3320 3581 11
3320 3582 11
3320 3585 11
3320 3586 11
3320 3589 11
3320 3631 11
3320 3632 11
3320 3633 11
3320 3634 11
3320 3635 11
3320 3639 11
3330 3221 13
3330 3229 13
3330 3643 13
3330 3644 13
3330 3645 13
3330 3646 13
3330 3647 13
3330 3648 13
3330 3991 13
3330 3993 13
3330 3995 13
3330 3996 13
3330 3999 13
3340 3651 2
3340 3652 2
3350 3621 26
3350 3624 26
3350 3625 26
3350 3629 26
3350 3651 26
3350 3652 26
3350 3661 26
3350 3663 26
3350 3669 26
3350 3671 26
3350 3672 26
3350 3674 26
3350 3675 26
3350 3676 26
3350 3677 26
3350 3678 26
3350 3679 26
3350 3691 26
3350 3692 26
3350 3694 26
3350 3695 26
3350 3699 26
3350 3812 26
3350 7622 26
3350 7623 26
3350 7629 26
3360 3571 22
3360 3572 22
3360 3575 22
3360 3577 22
3360 3578 22
3360 3579 22
3360 3581 22
3360 3582 22
3360 3585 22
3360 3586 22
3360 3589 22
3360 3592 22
3360 3593 22
3360 3594 22
3360 3596 22
3360 3599 22
3360 3861 22
3360 3991 22
3360 3993 22
3360 3995 22
3360 3996 22
3360 3999 22
3370 3511 39
3370 3519 39
3370 3541 39
3370 3542 39
3370 3543 39
3370 3544 39
3370 3545 39
3370 3546 39
3370 3547 39
3370 3548 39
3370 3549 39
3370 3612 39
3370 3613 39
3370 3621 39
3370 3624 39
3370 3625 39
3370 3629 39
3370 3643 39
3370 3644 39
3370 3645 39
3370 3646 39
3370 3647 39
3370 3648 39
3370 3671 39
3370 3672 39
3370 3674 39
3370 3675 39
3370 3676 39
3370 3677 39
3370 3678 39
3370 3679 39
3370 3691 39
3370 3692 39
3370 3694 39
3370 3695 39
3370 3699 39
3370 7692 39
3370 7694 39
3370 7699 39
3390 3621 18
3390 3624 18
3390 3625 18
3390 3629 18
3390 3643 18
3390 3644 18
3390 3645 18
3390 3646 18
3390 3647 18
3390 3648 18
3390 3661 18
3390 3663 18
3390 3669 18
3390 3691 18
3390 3692 18
3390 3694 18
3390 3695 18
3390 3699 18
3510 1455 11
3510 1459 11
3510 3251 11
3510 3253 11
3510 3255 11
3510 3259 11
3510 3261 11
3510 3262 11
3510 3263 11
3510 3264 11
3510 3269 11
3520 3241 1
3540 3271 5
3540 3272 5
3540 3273 5
3540 3274 5
3540 3275 5
3560 3211 4
3560 3221 4
3560 3229 4
3560 3231 4
3590 2891 23
3590 2892 23
3590 2893 23
3590 2895 23
3590 2899 23
3590 3052 23
3590 3053 23
3590 3251 23
3590 3253 23
3590 3255 23
3590 3259 23
3590 3271 23
3590 3272 23
3590 3273 23
3590 3274 23
3590 3275 23
3590 3281 23
3590 3291 23
3590 3292 23
3590 3295 23
3590 3296 23
3590 3297 23
3590 3299 23
3610 2911 3
3610 2992 3
3610 2999 3
3710 2812 20
3710 2813 20
3710 2816 20
3710 2819 20
3710 2821 20
3710 2822 20
3710 2823 20
3710 2824 20
3710 2861 20
3710 2865 20
3710 2869 20
3710 2873 20
3710 2874 20
3710 2875 20
3710 2879 20
3710 2891 20
3710 2892 20
3710 2893 20
3710 2895 20
3710 2899 20
3720 2812 8
3720 2813 8
3720 2816 8
3720 2819 8
3720 2873 8
3720 2874 8
3720 2875 8
3720 2879 8
3790 2841 20
3790 2842 20
3790 2843 20
3790 2844 20
3790 2861 20
3790 2865 20
3790 2869 20
3790 2873 20
3790 2874 20
3790 2875 20
3790 2879 20
3790 2891 20
3790 2892 20
3790 2893 20
3790 2895 20
3790 2899 20
3790 3482 20
3790 3483 20
3790 3484 20
3790 3489 20
3910 3491 31
3910 3492 31
3910 3493 31
3910 3494 31
3910 3495 31
3910 3496 31
3910 3497 31
3910 3498 31
3910 3499 31
3910 3571 31
3910 3572 31
3910 3575 31
3910 3577 31
3910 3578 31
3910 3579 31
3910 3812 31
3910 3821 31
3910 3822 31
3910 3823 31
3910 3824 31
3910 3825 31
3910 3826 31
3910 3827 31
3910 3829 31
3910 3841 31
3910 3842 31
3910 3843 31
3910 3844 31
3910 3845 31
3910 3851 31
3910 3861 31
3930 3061 25
3930 3069 25
3930 3081 25
3930 3082 25
3930 3083 25
3930 3084 25
3930 3085 25
3930 3086 25
3930 3087 25
3930 3088 25
3930 3089 25
3930 3421 25
3930 3423 25
3930 3425 25
3930 3429 25
3930 3643 25
3930 3644 25
3930 3645 25
3930 3646 25
3930 3647 25
3930 3648 25
3930 3751 25
3930 3942 25
3930 3944 25
3930 3949 25
3990 2091 61
3990 2092 61
3990 2095 61
3990 2096 61
3990 2097 61
3990 2098 61
3990 2099 61
3990 2295 61
3990 2296 61
3990 2297 61
3990 2298 61
3990 2299 61
3990 2391 61
3990 2392 61
3990 2393 61
3990 2394 61
3990 2395 61
3990 2396 61
3990 2397 61
3990 2399 61
3990 2591 61
3990 2599 61
3990 2741 61
3990 3052 61
3990 3053 61
3990 3061 61
3990 3069 61
3990 3171 61
3990 3172 61
3990 3291 61
3990 3292 61
3990 3295 61
3990 3296 61
3990 3297 61
3990 3299 61
3990 3651 61
3990 3652 61
3990 3691 61
3990 3692 61
3990 3694 61
3990 3695 61
3990 3699 61
3990 3841 61
3990 3842 61
3990 3843 61
3990 3844 61
3990 3845 61
3990 3931 61
3990 3951 61
3990 3952 61
3990 3953 61
3990 3955 61
3990 3961 61
3990 3965 61
3990 3991 61
3990 3993 61
3990 3995 61
3990 3996 61
3990 3999 61
3990 8071 61
3990 8072 61
4010 1521 3
4010 1522 3
4010 1531 3
4020 1521 7
4020 1522 7
4020 1541 7
4020 1542 7
4020 1622 7
4020 1623 7
4020 1629 7
4110 1541 5
4110 1542 5
4110 1622 5
4110 1623 5
4110 1629 5
4120 1611 10
4120 1622 10
4120 1623 10
4120 1629 10
4120 1771 10
4120 1611 10
4120 1622 10
4120 1623 10
4120 1629 10
4120 1771 10
4220 1622 12
4220 1623 12
4220 1629 12
4220 1751 12
4220 1752 12
4220 1771 12
4220 1791 12
4220 1793 12
4220 1794 12
4220 1795 12
4220 1796 12
4220 1799 12
4230 1741 12
4230 1742 12
4230 1743 12
4230 1751 12
4230 1752 12
4230 1761 12
4230 1791 12
4230 1793 12
4230 1794 12
4230 1795 12
4230 1796 12
4230 1799 12
4240 1711 2
4240 1761 2
4250 1622 10
4250 1623 10
4250 1629 10
4250 1711 10
4250 1791 10
4250 1793 10
4250 1794 10
4250 1795 10
4250 1796 10
4250 1799 10
4270 1721 13
4270 1741 13
4270 1742 13
4270 1743 13
4270 1751 13
4270 1752 13
4270 1771 13
4270 1791 13
4270 1793 13
4270 1794 13
4270 1795 13
4270 1796 13
4270 1799 13
4290 1791 18
4290 1793 18
4290 1794 18
4290 1795 18
4290 1796 18
4290 1799 18
4290 7622 18
4290 7623 18
4290 7629 18
4290 1791 18
4290 1793 18
4290 1794 18
4290 1795 18
4290 1796 18
4290 1799 18
4290 7622 18
4290 7623 18
4290 7629 18
4530 4011 9
4530 4013 9
4530 4481 9
4530 4482 9
4530 4489 9
4530 4741 9
4530 4783 9
4530 4785 9
4530 4789 9
4540 4412 11
4540 4424 11
4540 4432 11
4540 4449 11
4540 4481 11
4540 4482 11
4540 4489 11
4540 4491 11
4540 4492 11
4540 4493 11
4540 4499 11
4550 4491 8
4550 4492 8
4550 4493 8
4550 4499 8
4550 4731 8
4550 4783 8
4550 4785 8
4550 4789 8
4560 4212 9
4560 4213 9
4560 4214 9
4560 4215 9
4560 4221 9
4560 4222 9
4560 4225 9
4560 4226 9
4560 4231 9
4570 4111 7
4570 4119 7
4570 4131 7
4570 4141 7
4570 4142 7
4570 4151 7
4570 4173 7
4610 4612 6
4610 4613 6
4610 4619 6
4610 4922 6
4610 4923 6
4610 4924 6
4790 4221 9
4790 4222 9
4790 4225 9
4790 4226 9
4790 7381 9
4790 7382 9
4790 7383 9
4790 7384 9
4790 7389 9
4810 4832 3
4810 4833 3
4810 4841 3
4820 4812 4
4820 4813 4
4820 4822 4
4820 4899 4
4840 4212 10
4840 4213 10
4840 4214 10
4840 4215 10
4840 4311 10
4840 7381 10
4840 7382 10
4840 7383 10
4840 7384 10
4840 7389 10
5010 5141 18
5010 5142 18
5010 5143 18
5010 5144 18
5010 5145 18
5010 5146 18
5010 5147 18
5010 5148 18
5010 5149 18
5010 5153 18
5010 5154 18
5010 5159 18
5010 5191 18
5010 5192 18
5010 5193 18
5010 5194 18
5010 5198 18
5010 5199 18
5210 5141 9
5210 5142 9
5210 5143 9
5210 5144 9
5210 5145 9
5210 5146 9
5210 5147 9
5210 5148 9
5210 5149 9
5310 5131 4
5310 5136 4
5310 5137 4
5310 5139 4
5710 5082 9
5710 5083 9
5710 5084 9
5710 5085 9
5710 5087 9
5710 5088 9
5710 7692 9
5710 7694 9
5710 7699 9
5730 5082 6
5730 5083 6
5730 5084 6
5730 5085 6
5730 5087 6
5730 5088 6
5990 5051 19
5990 5052 19
5990 5082 19
5990 5083 19
5990 5084 19
5990 5085 19
5990 5087 19
5990 5088 19
5990 5091 19
5990 5092 19
5990 5093 19
5990 5094 19
5990 5099 19
5990 5191 19
5990 5192 19
5990 5193 19
5990 5194 19
5990 5198 19
5990 5199 19
6010 5411 7
6010 5421 7
6010 5431 7
6010 5441 7
6010 5451 7
6010 5461 7
6010 5499 7
6120 5611 2
6120 5699 2
6140 5632 4
6140 5641 4
6140 5651 4
6140 5699 4
6220 5722 11
6220 5731 11
6220 5734 11
6220 5735 11
6220 5736 11
6220 7622 11
6220 7623 11
6220 7629 11
6220 7692 11
6220 7694 11
6220 7699 11
6410 5311 6
6410 5331 6
6410 5399 6
6410 5961 6
6410 5962 6
6410 5963 6
6560 5941 10
6560 5942 10
6560 5943 10
6560 5944 10
6560 5945 10
6560 5946 10
6560 5947 10
6560 5948 10
6560 5949 10
6560 7631 10
7010 6011 2
7010 6019 2
7020 6021 5
7020 6022 5
7020 6029 5
7020 6035 5
7020 6036 5
7120 6011 15
7120 6019 15
7120 6081 15
7120 6082 15
7120 6111 15
7120 6141 15
7120 6153 15
7120 6154 15
7120 6159 15
7120 6162 15
7120 6163 15
7120 6792 15
7120 6794 15
7120 6798 15
7120 6799 15
7710 7361 7
7710 7363 7
7710 8741 7
7710 8742 7
7710 8743 7
7710 8744 7
7710 8748 7
7740 7311 23
7740 7312 23
7740 7313 23
7740 7319 23
7740 7331 23
7740 7334 23
7740 7335 23
7740 7336 23
7740 7338 23
7740 7381 23
7740 7382 23
7740 7383 23
7740 7384 23
7740 7389 23
7740 8731 23
7740 8732 23
7740 8733 23
7740 8734 23
7740 8741 23
7740 8742 23
7740 8743 23
7740 8744 23
7740 8748 23
8250 9111 6
8250 9121 6
8250 9131 6
8250 9199 6
8250 9311 6
8250 9611 6
8260 9199 6
8260 9411 6
8260 9431 6
8260 9441 6
8260 9511 6
8260 9512 6
8350 9111 6
8350 9121 6
8350 9131 6
8350 9199 6
8350 9311 6
8350 9651 6
8540 8231 1
8610 8062 3
8610 8063 3
8610 8069 3
8620 8051 4
8620 8052 4
8620 8059 4
8620 8361 4
8650 8011 2
8650 8021 2
8680 8071 5
8680 8072 5
8680 8092 5
8680 8093 5
8680 8099 5
8690 8322 8
8690 8399 8
8690 8621 8
8690 8731 8
8690 8732 8
8690 8733 8
8690 8734 8
8690 9651 8
9110 7011 1
9140 7032 8
9140 7033 8
9140 7991 8
9140 7992 8
9140 7993 8
9140 7996 8
9140 7997 8
9140 7999 8
9210 5441 7
9210 5461 7
9210 5812 7
9210 5813 7
9210 5961 7
9210 5962 7
9210 5963 7
9610 7381 9
9610 7382 9
9610 7383 9
9610 7384 9
9610 7389 9
9610 7812 9
9610 7819 9
9610 7822 9
9610 7829 9
9620 7832 2
9620 7833 2
9630 7812 4
9630 7819 4
9630 7922 4
9630 7929 4
9710 7231 2
9710 7241 2
9720 7211 8
9720 7212 8
9720 7213 8
9720 7215 8
9720 7216 8
9720 7217 8
9720 7218 8
9720 7219 8
9730 6552 4
9730 6553 4
9730 7361 4
9730 7363 4
9940 7532 13
9940 7533 13
9940 7534 13
9940 7536 13
9940 7537 13
9940 7538 13
9940 7539 13
9940 7622 13
9940 7623 13
9940 7629 13
9940 7692 13
9940 7694 13
9940 7699 13
610 1041 9 
610 1021 9
610 1061 9
610 1031 9
610 1044 9
610 1094 9
610 1099 9
610 1011 9
610 1479 9
2921 3317 1
170 0 1
220 711 9
220 721 9
220 722 9
220 723 9
220 724 9
220 761 9
220 783 9
220 831 9
220 8734 9
230 751 5
230 762 5
230 781 5
230 8748 5
230 8731 5
4210 1795 9
4210 1781 9
4210 1711 9
4210 1629 9
4210 1794 9
4210 7353 9
4210 1771 9
4210 1799 9
4210 782 9
4510 4512 10
4510 4513 10
4510 4522 10
4510 721 10
4510 1382 10
4510 7319 10
4510 7335 10
4510 7997 10
4510 8299 10
4510 8713 10